0
2
4
0
0
1
6
15
1
9
3
0
11
3
0
1
6
12
6
0
10
5
18
6
3
8
0
7
0
8
0
1
0
11
0
3
7
0
3
6
18
0
1
9
5
1
10
2
4
16
9
4
6
1
7
2
15
4
15
9
16
18
0
6
9
1
0
1
9
0
0
0
4
4
2
4
1
3
5
1
1
0
9
15
0
1
2
0
0
7
2
1
1
14
0
5
14
12
0
0
0
4
5
0
18
0
17
1
1
0
0
3
5
5
0
1
1
5
8
16
6
0
0
0
14
1
4
3
15
1
8
10
11
3
2
7
1
2
1
0
7
1
1
0
7
4
3
0
3
2
3
8
6
3
0
0
3
6
0
1
0
0
0
8
13
0
12
7
1
5
4
1
0
1
6
7
0
2
0
13
0
1
0
0
13
8
9
18
5
12
0
1
0
1
0
3
10
1
12
18
1
0
2
0
8
1
6
17
1
1
2
0
4
13
5
11
5
1
14
15
1
9
2
15
2
13
12
2
12
4
5
10
16
0
17
11
2
1
11
1
4
13
7
12
18
4
4
0
12
6
16
15
10
4
14
10
0
0
4
1
0
4
0
10
2
1
16
0
3
0
2
0
5
11
8
6
6
0
5
2
10
12
0
13
13
0
1
1
0
5
8
0
0
2
10
17
16
1
14
13
