0
6
9
8
8
2
12
4
9
2
8
1
0
18
1
2
0
2
11
2
17
13
0
1
0
1
17
6
9
5
12
10
4
14
0
6
16
0
15
11
0
0
11
13
7
0
19
0
12
0
11
9
18
1
0
15
2
0
0
4
0
1
0
18
0
1
6
0
12
7
17
7
1
0
8
4
7
11
0
2
15
2
9
2
1
8
11
4
1
6
9
10
0
8
12
0
10
1
1
8
3
13
0
0
5
0
12
15
14
0
1
0
17
2
11
1
0
1
0
5
15
1
9
0
0
3
1
0
18
1
16
2
18
6
0
15
0
8
12
1
1
10
1
3
15
7
5
1
4
1
4
19
11
4
5
0
16
4
2
0
15
3
8
16
1
0
13
19
12
12
4
17
2
2
0
4
8
14
9
12
0
0
12
10
9
0
0
14
4
0
0
1
3
0
5
18
7
15
8
1
19
7
3
3
9
10
1
3
12
11
3
1
0
18
10
7
6
2
9
2
17
1
1
0
1
2
17
12
18
0
15
0
6
16
16
2
9
0
2
2
1
0
1
0
19
19
0
2
18
8
4
8
14
9
7
0
9
7
0
13
5
1
7
16
13
4
9
19
4
8
4
0
2
5
2
8
15
7
1
6
2
1
12
10
3
2
6
1
3
12
6
2
1
3
19
18
0
15
9
7
